LGBMRegressor: 0.09734214795739503
LGBM: 0.09666650542160925
Ensemle: 0.09645197277831874